pag. 'rt-inunum(

260. 922
166. 276

88. 112

99. 285

76. 129. 245. 260
241

70

70. 140

110

90

&offilo-5

129

272

124

109. 225. 268. 262
30. 212. 225. 276
167. 245

69. 127. 214. 272
105. 138

246

99

72

17. 134 sq.
129

81. 187. 206
168

104. 112. 289
17 sq. 211. 285
218. 285

271

271

201

282

68

68

284

66

,69

116. 271

201

122

76

49

106. 271. 287
170. 223

66

289

-49

49. 289

271

164

288

78

125

282

788
789
790
792
794
796
798
800
801

803 ,

804
806
809
810
811
812
813
814

CCCXXXV

1³⁸8·

70

102

188

129. 286. 290
140

4⁹

5⁶

88. 210
108

22

298

154. 223

66. 72. 222

64. 160. 238

80

274

248

99. 106. 162. 233
89. 288

242

45. 168

154. 228. 266
99. 272

239. 272

262

254811. 256. 266

zm. ³1⁰
00

164

4ο. on. 141 oq. ιω. 2³³

108
18⁶

