cccxxxi!

Trinummi

146
150
152.
158
161
163
164
167
169
170
171
174
177
182
183
184
185
186
191
192
193
194
195
196
197
198
199
200
201
203
205
206
207
208

Ξῗὲ»

211
212
213
214
218
219
1 22381101.
226
227
2³0
232
2³3 ,
235 =
236
2³⁷
238
239
240
241 ⁷
242

1³⁸8·

220
290. 282
89. 99
79. 107
49

216

289

289

69. 152. 299
220

50

88

64. 289
104. 289
85 sq.
212

154

62. 210. 224
260

50

51

281

289

49. 108. 191. 140
110. 210

99. 109. 289
816

291

282

200. 258

⁷ 224
110. 184 sq.
50. 59

107

99. 119. 210
105

200. 260

90

288

60. 66. 288
127. 290
109. 259
295 sqq.

174

107

155

69

- 99. 170
197

199. 297
198

69. 198. 272
Α. 69
102

89. 292

ω. 64 sq. 78. ³14

Trina-mi pag.
244 sq 298
245 72
247 198
249 112
250 49
251 196
252 69
254⁸⁴l¹l 297
260 149
261sq ι ¹4⁵. 814 aq.
263 70
264 69. 108. 110. 290
265 50
266 45. 298
268 'n
269· 79. 299
272 40. 202
273 187
276 44. 145. 152
278 45. 50. 75
279 49
281 170
284 915
286 102
288 142
289 979
29 74
293 64. 170. 298
294 79
298 299
300 79
301 818
302 274
304 848
305 974
306 183. 229. 8⁹1⁶
307 155. w!
308 49. 50
309 69
310 107. 249. 259. 995
311 w. 198 sq. un
312 60
313 64 sq. 290. 292. 299
314 50. 1oe
ἕξ 122. 158. 170. 87⁸
318 105. 197. Nl
319 107. w
320 214. 929
321 258
323 109. 1oe
321 49
325 65. m
326 · 177. 274
328 66. 161. Μ

329 10935539299394385 aava ι

