cccxxxv!

Tria-smmi

ξιξ
874
875
876
3⁷7
379

885
887

pag. 'rr-{nunni

20

225

73, 211. 257
138. 140. 232
172

88. 234

20. 73

140. 107. 224. 245 sq.
234

72

214

81. 99

81. 276

73. 225

242

108

234. 257

155

73

21. 122

105. 122. 138
73 155

105. 246

112. 228 sq.
187. 193

112

50. 75. 105. 109
73. 222. 235
139. 245

, 82

233

75. 82

22. 135

106

, 44. 127
291

22η. 87. 122. 135
44. 50.

139

50. 108

50. 72. 133
108. 134. 190
49. 278

193

227

105. 186

190

70. 175. 190
23. 73

72

50. 105. 108. 109
2111

73

88

201. 214

188

953
954
957
958
959
964
965
966
967
968
969
970
97 1
973
974
975
977

978
979
980
982
985
986
989
990
993
994
995
998

1001
1004
1005
1008
1009
1010
1013
1014

1015
1016

1017
1018

020

021
1022
1023
1025
1028
1029
1030
1036
1039
1043
1044
1046
1049
1050

Ρῑέ·

140

89. 278

105. 135. 188. 234
140

89

124. 138
240. 273

89

79

290. 299

109

89

50

50. 105. 108. 235
50. 83. 88. 277
75. 110. 215
73. 130. 264
201

110

105. 110. 171. 235
275. 923

72

140

154. 193 sq.
50

79

49. 135. 257
19. 919

128

49

108. 201

OE

279

108. 232. 272
lon

50

50

102. 175

50

75

24η. 272
82. 241. ³⁸³
73. 214

95. 237. 274
80. 193 sq.
49. 79

79

198. 140

73. 111

237

50. 108

101

50. 102. 827
85. 112. 8ἶὸ

