mute glor{oso
lv, 3, 37

Pseudulo
1‚8,8sq.
—8200
——144
-5,27
--127
--129
--180
ΙΙ,1,14
111,2,28
--89
--71
--74
--75
1v‚1,2
-3,17
-6,9
-7,182
Poenulo
Lam
--88
--151

-v—-lsa
.—8‚·7

Pag-
288
146 sq.
108
229
188

97

267
226
292

202
104
155
204
97
78
104
85. 110
85
178
145
e η 204
180
92
152
184
97
184
97
175
208
804

279

. 148
148
188
188
85. 824 sq.
181
146
151
97
142
97

97
150
97

85
145

202
180
175

174
, 168

‘heti con. Ι. 1. Tri..

nudente‘

prolog. 89
1, 1,5
-4,8
111,4,κ55
-5, 47
-6,14
IV, 1,9
-32ae
--75
-4,59
-5,8
-⁶‚8
-7,22
V, 1,5
-- 2,48
Stlcho
1, 2, 88
-8,22

‘cccxhl

1³⁸3·
150
151
102
127
188

190

181
157
828
145
181. 280

128 eq.
127
188
152
147
129

129
127
78
188
190
Δ 151 ⁴
151
152
” 151
188
190
104
101
78
77
182
104

178 sq.
1³2
125

97

78
1 78

188
175
184
172
148
180
182
184

175
121

