cccxxxi

Tritannum pag. Trinummi pag.
arg 6 173 64 259
1 255 65 160. 266
2 “ 256 sq. 66 289
3 112. 135. 255 69 256. 264
4 264 72 50. 70
6 263 sq. 74 70
7 265 75 222. 224
8 292 76 ’ 281
9 828 78 183
10 160. 281 80 112
13 265 82 281
14 254 83 95
15 73. 255. 265 85 64 sq. 139
18 284 86 287. 290
20 65. 254 88 65. 66
21 254 91 269
23 283 93 70 “
24 96 94 108. 264
27 134. 282 95 99. 270
29 90 96 109. ,163
30 201 100 210
31 215 102 164
33 928 109 121
36 49 112 108
41 256 114 102
45 256 116 102. 200
46 108. 260 117 90. 284
47 49. 281 119 90. 154
50 51 121 282
51 260. 288 123 260
52 · 127. 256 127 105. 111. 125
53 256. 281. 288. 292 129 125
54 224. 254. 292 130 ’ 69. 72. 75. 213
55 191 131 255. 287. 290
56 44. 108. 285 132 49
57 256 134 201. 217 sq. 258
58 79. 127. 159. 154 136 105
59 ⁴ 263 137 260
60 256 140 271
-61 75. 82811. 182. 140 141 ” 49. 108
63 102. 109 144 284 sq.

