*ἐξ
z.

ἒὲἓὲἔὲἒἓξὲἔὲἓέἓὲἔὲἓξέἓέἔὲἓέἒέἔ

¹ ι

ffgffiffiffiffigffissffiffiffissffissffffissssffassffi33

p'ag. 'l’flnunni

184

822

287. 274
21 4

80

44. 50. 98. ¹¹40

155. 227

4& 33. 107. 134. 373. 373

260

260

44. 154
200. 260

86. 248. 268
45. 49. 227
268

49. 99. 242
105

133. 333. 333. 343. 330. 331

76. 78. 111
50. 112

242

83. 177. 248. 275

30. 33. 103
64. 138

33. 103. 374
103. 110. 333
110. 373

70. 103

337. 374

137. 137. 330
133. 373

103. 110

33

105. 108. 249
333

34

134

134

331

133. 331. 8⁷⁷
373

313

333

133. 333

73. 224

881

ua
4η
am
&1
uz

1125·

426
3Ξέ

’430 - ·

431
‘402
43³
436

543⁷ ’

’439
ἒὲἓ

447 ,

cucxxxm

ναξ·

33

333

103. 313

333

103

eo

104. 113

70. 131. 313
103. 111

103

371

103. 110. 137. 331
37. 133

333

73. 333

103

103. 170. 331. 333
30. 103

103. 331

-44

103. 331

103. 103

133

137. 333

73. 103. 371
331. 333

oo. 333

44

333. 333

137

333

337

43. 330. 23
333

110

173

133

333

107

3ο

30. 73. ungoru
4⁹2⁶& 111
30. 33

133. 133. 331. 333
73. oo

137. 133

107. 333

34

43

103

30. 73. 88¹

, 331
103. 170. 371. 333
333

137

γ’.

