288

ω. ⁰⁹0 ¹⁰⁹
288

204

181. 204. 216
88. 108. 110
88

282

218

60. 166

, 188. 140
88

88. 127

128

⁴⁹· οὗ. 'mo ¹⁰⁹
288

106. 281

78. 110

201

280

48

108. 110

288. 280

180

88. 81. 282
267

60. 186. 228. 268
108. 288

78. 186

288

281

224

44. 218. 221. 288
108. 188

108. 110

210. 280

108. 282

162

171 sq. 276
106. 226

188 sq.

88

106

78. 78

81. 188 sq. 268
246

ΤΓῘΜΙΠΙΙΙῖ μς
616 260. 285
617 89
619 287
620 m
621 162
622 242
623 226
624 226. 227
625 98
627 122. 828
628 108
629 226
630 112. 276
633 281
635 , 105. 108. 288
636 ml. 272
638 78
640 u
642 106. 188. Q
64³ α). 81
644 80. 824
645 177η.
646 30. 8⁷³
648 wo. 81³
649 110
6⁵1 σε. ιιο. 874 ις.
662 72. 129. 164. 188 sq. 280. 277
655 84. 184. 187
656 274
657 80
658 78. 161
333 - «ωε.
861 188. 148. 266. 247. 276
662 187
663 88
664 124
666 nv. 282
668 112. 888
671 246
672 m
674 266
333 ες
678 uo
679 288. m. 828
680 40
681 70
082 91. 287
683 , 202
684 m
685 106. lm
687 96 120. m 262
688 166
690 tuq.
893 74. 243

